
python sample.py  w 7500590114003B00110015001600110014001300140012001500120015001200110017001400140015003A001500120014001300140013001600120014003B0013003C00140014001500390014003B0011003E0014003B0014003B0014003A0017003A0015003A001400130014001400150012001600120015003A0014003C001000410012001400140014001500130010001700130014001600390011003F0013003C0014003B00100017001400140015001200110017001000170013003C00140014001500120015001200150013001300130014003B0015003A0010003E0015003B0010004F03 1 24 20 18

w
Waiting ...
month= 1 day= 24 hour= 20 minute= 18

[117, 0, 89, 1, 20, 0, 59, 0, 17, 0, 21, 0, 22, 0, 17, 0, 20, 0, 19, 0, 20, 0, 18, 0, 21, 0, 18, 0, 21, 0, 18, 0, 17, 0, 23, 0, 20, 0, 20, 0, 21, 0, 58, 0, 21, 0, 18, 0, 20, 0, 19, 0, 20, 0, 19, 0, 22, 0, 18, 0, 20, 0, 59, 0, 19, 0, 60, 0, 20, 0, 20, 0, 21, 0, 57, 0, 20, 0, 59, 0, 17, 0, 62, 0, 20, 0, 59, 0, 20, 0, 59, 0, 20, 0, 58, 0, 23, 0, 58, 0, 21, 0, 58, 0, 20, 0, 19, 0, 20, 0, 20, 0, 21, 0, 18, 0, 22, 0, 18, 0, 21, 0, 58, 0, 20, 0, 60, 0, 16, 0, 65, 0, 18, 0, 20, 0, 20, 0, 20, 0, 21, 0, 19, 0, 16, 0, 23, 0, 19, 0, 20, 0, 22, 0, 57, 0, 17, 0, 63, 0, 19, 0, 60, 0, 20, 0, 59, 0, 16, 0, 23, 0, 20, 0, 20, 0, 21, 0, 18, 0, 17, 0, 23, 0, 16, 0, 23, 0, 19, 0, 60, 0, 20, 0, 20, 0, 21, 0, 18, 0, 21, 0, 18, 0, 21, 0, 19, 0, 19, 0, 19, 0, 20, 0, 59, 0, 21, 0, 58, 0, 16, 0, 62, 0, 21, 0, 59, 0, 16, 0, 79, 3]
232
[0, 58] 0 58
58

